{
  "nbformat": 4,
  "nbformat_minor": 0,
  "metadata": {
    "colab": {
      "provenance": []
    },
    "kernelspec": {
      "name": "python3",
      "display_name": "Python 3"
    },
    "language_info": {
      "name": "python"
    }
  },
  "cells": [
    {
      "cell_type": "code",
      "execution_count": null,
      "metadata": {
        "colab": {
          "base_uri": "https://localhost:8080/"
        },
        "id": "L4Ncf9TRauZb",
        "outputId": "ff8368a3-1586-47ba-dfea-ec54fe67905b"
      },
      "outputs": [
        {
          "output_type": "stream",
          "name": "stdout",
          "text": [
            "Mounted at /content/drive\n",
            "\n",
            " Current path: /content/drive/My Drive\n"
          ]
        }
      ],
      "source": [
        "def mount_drive(dir):\n",
        "  import os\n",
        "  colab = 1\n",
        "  if colab == 1:\n",
        "    from google.colab import drive\n",
        "    drive.mount('/content/drive', force_remount = True)\n",
        "    current_folder = dir\n",
        "    dest_folder = '/content/drive/My Drive/' + current_folder\n",
        "    os.chdir(dest_folder)\n",
        "    print('\\n Current path: ' + os.getcwd())\n",
        "\n",
        "mount_drive('')"
      ]
    },
    {
      "cell_type": "code",
      "source": [
        "!pip install rdkit selfies"
      ],
      "metadata": {
        "colab": {
          "base_uri": "https://localhost:8080/"
        },
        "id": "s_aimYCBa9DS",
        "outputId": "95ef7c03-9025-4ce6-87b7-97251f755579"
      },
      "execution_count": null,
      "outputs": [
        {
          "output_type": "stream",
          "name": "stdout",
          "text": [
            "Requirement already satisfied: rdkit in /usr/local/lib/python3.11/dist-packages (2024.9.5)\n",
            "Requirement already satisfied: selfies in /usr/local/lib/python3.11/dist-packages (2.2.0)\n",
            "Requirement already satisfied: numpy in /usr/local/lib/python3.11/dist-packages (from rdkit) (1.26.4)\n",
            "Requirement already satisfied: Pillow in /usr/local/lib/python3.11/dist-packages (from rdkit) (11.1.0)\n"
          ]
        }
      ]
    },
    {
      "cell_type": "code",
      "source": [
        "import numpy as np\n",
        "import pandas as pd\n",
        "from rdkit import Chem\n",
        "import tensorflow as tf\n",
        "from rdkit.Chem import AllChem\n",
        "import matplotlib.pyplot as plt\n",
        "import tensorflow.keras as keras\n",
        "from tensorflow.keras import layers, models\n",
        "from sklearn.preprocessing import StandardScaler\n",
        "from sklearn.model_selection import train_test_split"
      ],
      "metadata": {
        "id": "4vH_PPc5azky"
      },
      "execution_count": null,
      "outputs": []
    },
    {
      "cell_type": "code",
      "source": [
        "qm9 = pd.read_csv(\"qm9.csv\")\n",
        "qm9.head()"
      ],
      "metadata": {
        "colab": {
          "base_uri": "https://localhost:8080/",
          "height": 256
        },
        "id": "L4w_o9xua01K",
        "outputId": "770be383-404f-43a3-bf3b-ce9246843004"
      },
      "execution_count": null,
      "outputs": [
        {
          "output_type": "execute_result",
          "data": {
            "text/plain": [
              "  mol_id smiles          A           B           C      mu  alpha    homo  \\\n",
              "0  gdb_1      C  157.71180  157.709970  157.706990  0.0000  13.21 -0.3877   \n",
              "1  gdb_2      N  293.60975  293.541110  191.393970  1.6256   9.46 -0.2570   \n",
              "2  gdb_3      O  799.58812  437.903860  282.945450  1.8511   6.31 -0.2928   \n",
              "3  gdb_4    C#C    0.00000   35.610036   35.610036  0.0000  16.28 -0.2845   \n",
              "4  gdb_5    C#N    0.00000   44.593883   44.593883  2.8937  12.99 -0.3604   \n",
              "\n",
              "     lumo     gap  ...       g298     cv     u0_atom   u298_atom   h298_atom  \\\n",
              "0  0.1171  0.5048  ... -40.498597  6.469 -395.999595 -398.643290 -401.014647   \n",
              "1  0.0829  0.3399  ... -56.544961  6.316 -276.861363 -278.620271 -280.399259   \n",
              "2  0.0687  0.3615  ... -76.422349  6.002 -213.087624 -213.974294 -215.159658   \n",
              "3  0.0506  0.3351  ... -77.327429  8.574 -385.501997 -387.237686 -389.016047   \n",
              "4  0.0191  0.3796  ... -93.431246  6.278 -301.820534 -302.906752 -304.091489   \n",
              "\n",
              "    g298_atom  Morgan_fingerprint       adj_matrix  node_features  node_count  \n",
              "0 -372.471772   [0 0 0 ... 0 0 0]            [[0]]          [[6]]           1  \n",
              "1 -259.338802   [0 0 0 ... 0 0 0]            [[0]]          [[7]]           1  \n",
              "2 -201.407171   [0 0 0 ... 0 0 0]            [[0]]          [[8]]           1  \n",
              "3 -365.800724   [0 0 0 ... 0 0 0]  [[0 1]\\n [1 0]]     [[6], [6]]           2  \n",
              "4 -288.720028   [0 0 0 ... 0 0 0]  [[0 1]\\n [1 0]]     [[6], [7]]           2  \n",
              "\n",
              "[5 rows x 25 columns]"
            ],
            "text/html": [
              "\n",
              "  <div id=\"df-ed38c1d0-30b2-465f-914a-b645c4de8550\" class=\"colab-df-container\">\n",
              "    <div>\n",
              "<style scoped>\n",
              "    .dataframe tbody tr th:only-of-type {\n",
              "        vertical-align: middle;\n",
              "    }\n",
              "\n",
              "    .dataframe tbody tr th {\n",
              "        vertical-align: top;\n",
              "    }\n",
              "\n",
              "    .dataframe thead th {\n",
              "        text-align: right;\n",
              "    }\n",
              "</style>\n",
              "<table border=\"1\" class=\"dataframe\">\n",
              "  <thead>\n",
              "    <tr style=\"text-align: right;\">\n",
              "      <th></th>\n",
              "      <th>mol_id</th>\n",
              "      <th>smiles</th>\n",
              "      <th>A</th>\n",
              "      <th>B</th>\n",
              "      <th>C</th>\n",
              "      <th>mu</th>\n",
              "      <th>alpha</th>\n",
              "      <th>homo</th>\n",
              "      <th>lumo</th>\n",
              "      <th>gap</th>\n",
              "      <th>...</th>\n",
              "      <th>g298</th>\n",
              "      <th>cv</th>\n",
              "      <th>u0_atom</th>\n",
              "      <th>u298_atom</th>\n",
              "      <th>h298_atom</th>\n",
              "      <th>g298_atom</th>\n",
              "      <th>Morgan_fingerprint</th>\n",
              "      <th>adj_matrix</th>\n",
              "      <th>node_features</th>\n",
              "      <th>node_count</th>\n",
              "    </tr>\n",
              "  </thead>\n",
              "  <tbody>\n",
              "    <tr>\n",
              "      <th>0</th>\n",
              "      <td>gdb_1</td>\n",
              "      <td>C</td>\n",
              "      <td>157.71180</td>\n",
              "      <td>157.709970</td>\n",
              "      <td>157.706990</td>\n",
              "      <td>0.0000</td>\n",
              "      <td>13.21</td>\n",
              "      <td>-0.3877</td>\n",
              "      <td>0.1171</td>\n",
              "      <td>0.5048</td>\n",
              "      <td>...</td>\n",
              "      <td>-40.498597</td>\n",
              "      <td>6.469</td>\n",
              "      <td>-395.999595</td>\n",
              "      <td>-398.643290</td>\n",
              "      <td>-401.014647</td>\n",
              "      <td>-372.471772</td>\n",
              "      <td>[0 0 0 ... 0 0 0]</td>\n",
              "      <td>[[0]]</td>\n",
              "      <td>[[6]]</td>\n",
              "      <td>1</td>\n",
              "    </tr>\n",
              "    <tr>\n",
              "      <th>1</th>\n",
              "      <td>gdb_2</td>\n",
              "      <td>N</td>\n",
              "      <td>293.60975</td>\n",
              "      <td>293.541110</td>\n",
              "      <td>191.393970</td>\n",
              "      <td>1.6256</td>\n",
              "      <td>9.46</td>\n",
              "      <td>-0.2570</td>\n",
              "      <td>0.0829</td>\n",
              "      <td>0.3399</td>\n",
              "      <td>...</td>\n",
              "      <td>-56.544961</td>\n",
              "      <td>6.316</td>\n",
              "      <td>-276.861363</td>\n",
              "      <td>-278.620271</td>\n",
              "      <td>-280.399259</td>\n",
              "      <td>-259.338802</td>\n",
              "      <td>[0 0 0 ... 0 0 0]</td>\n",
              "      <td>[[0]]</td>\n",
              "      <td>[[7]]</td>\n",
              "      <td>1</td>\n",
              "    </tr>\n",
              "    <tr>\n",
              "      <th>2</th>\n",
              "      <td>gdb_3</td>\n",
              "      <td>O</td>\n",
              "      <td>799.58812</td>\n",
              "      <td>437.903860</td>\n",
              "      <td>282.945450</td>\n",
              "      <td>1.8511</td>\n",
              "      <td>6.31</td>\n",
              "      <td>-0.2928</td>\n",
              "      <td>0.0687</td>\n",
              "      <td>0.3615</td>\n",
              "      <td>...</td>\n",
              "      <td>-76.422349</td>\n",
              "      <td>6.002</td>\n",
              "      <td>-213.087624</td>\n",
              "      <td>-213.974294</td>\n",
              "      <td>-215.159658</td>\n",
              "      <td>-201.407171</td>\n",
              "      <td>[0 0 0 ... 0 0 0]</td>\n",
              "      <td>[[0]]</td>\n",
              "      <td>[[8]]</td>\n",
              "      <td>1</td>\n",
              "    </tr>\n",
              "    <tr>\n",
              "      <th>3</th>\n",
              "      <td>gdb_4</td>\n",
              "      <td>C#C</td>\n",
              "      <td>0.00000</td>\n",
              "      <td>35.610036</td>\n",
              "      <td>35.610036</td>\n",
              "      <td>0.0000</td>\n",
              "      <td>16.28</td>\n",
              "      <td>-0.2845</td>\n",
              "      <td>0.0506</td>\n",
              "      <td>0.3351</td>\n",
              "      <td>...</td>\n",
              "      <td>-77.327429</td>\n",
              "      <td>8.574</td>\n",
              "      <td>-385.501997</td>\n",
              "      <td>-387.237686</td>\n",
              "      <td>-389.016047</td>\n",
              "      <td>-365.800724</td>\n",
              "      <td>[0 0 0 ... 0 0 0]</td>\n",
              "      <td>[[0 1]\\n [1 0]]</td>\n",
              "      <td>[[6], [6]]</td>\n",
              "      <td>2</td>\n",
              "    </tr>\n",
              "    <tr>\n",
              "      <th>4</th>\n",
              "      <td>gdb_5</td>\n",
              "      <td>C#N</td>\n",
              "      <td>0.00000</td>\n",
              "      <td>44.593883</td>\n",
              "      <td>44.593883</td>\n",
              "      <td>2.8937</td>\n",
              "      <td>12.99</td>\n",
              "      <td>-0.3604</td>\n",
              "      <td>0.0191</td>\n",
              "      <td>0.3796</td>\n",
              "      <td>...</td>\n",
              "      <td>-93.431246</td>\n",
              "      <td>6.278</td>\n",
              "      <td>-301.820534</td>\n",
              "      <td>-302.906752</td>\n",
              "      <td>-304.091489</td>\n",
              "      <td>-288.720028</td>\n",
              "      <td>[0 0 0 ... 0 0 0]</td>\n",
              "      <td>[[0 1]\\n [1 0]]</td>\n",
              "      <td>[[6], [7]]</td>\n",
              "      <td>2</td>\n",
              "    </tr>\n",
              "  </tbody>\n",
              "</table>\n",
              "<p>5 rows × 25 columns</p>\n",
              "</div>\n",
              "    <div class=\"colab-df-buttons\">\n",
              "\n",
              "  <div class=\"colab-df-container\">\n",
              "    <button class=\"colab-df-convert\" onclick=\"convertToInteractive('df-ed38c1d0-30b2-465f-914a-b645c4de8550')\"\n",
              "            title=\"Convert this dataframe to an interactive table.\"\n",
              "            style=\"display:none;\">\n",
              "\n",
              "  <svg xmlns=\"http://www.w3.org/2000/svg\" height=\"24px\" viewBox=\"0 -960 960 960\">\n",
              "    <path d=\"M120-120v-720h720v720H120Zm60-500h600v-160H180v160Zm220 220h160v-160H400v160Zm0 220h160v-160H400v160ZM180-400h160v-160H180v160Zm440 0h160v-160H620v160ZM180-180h160v-160H180v160Zm440 0h160v-160H620v160Z\"/>\n",
              "  </svg>\n",
              "    </button>\n",
              "\n",
              "  <style>\n",
              "    .colab-df-container {\n",
              "      display:flex;\n",
              "      gap: 12px;\n",
              "    }\n",
              "\n",
              "    .colab-df-convert {\n",
              "      background-color: #E8F0FE;\n",
              "      border: none;\n",
              "      border-radius: 50%;\n",
              "      cursor: pointer;\n",
              "      display: none;\n",
              "      fill: #1967D2;\n",
              "      height: 32px;\n",
              "      padding: 0 0 0 0;\n",
              "      width: 32px;\n",
              "    }\n",
              "\n",
              "    .colab-df-convert:hover {\n",
              "      background-color: #E2EBFA;\n",
              "      box-shadow: 0px 1px 2px rgba(60, 64, 67, 0.3), 0px 1px 3px 1px rgba(60, 64, 67, 0.15);\n",
              "      fill: #174EA6;\n",
              "    }\n",
              "\n",
              "    .colab-df-buttons div {\n",
              "      margin-bottom: 4px;\n",
              "    }\n",
              "\n",
              "    [theme=dark] .colab-df-convert {\n",
              "      background-color: #3B4455;\n",
              "      fill: #D2E3FC;\n",
              "    }\n",
              "\n",
              "    [theme=dark] .colab-df-convert:hover {\n",
              "      background-color: #434B5C;\n",
              "      box-shadow: 0px 1px 3px 1px rgba(0, 0, 0, 0.15);\n",
              "      filter: drop-shadow(0px 1px 2px rgba(0, 0, 0, 0.3));\n",
              "      fill: #FFFFFF;\n",
              "    }\n",
              "  </style>\n",
              "\n",
              "    <script>\n",
              "      const buttonEl =\n",
              "        document.querySelector('#df-ed38c1d0-30b2-465f-914a-b645c4de8550 button.colab-df-convert');\n",
              "      buttonEl.style.display =\n",
              "        google.colab.kernel.accessAllowed ? 'block' : 'none';\n",
              "\n",
              "      async function convertToInteractive(key) {\n",
              "        const element = document.querySelector('#df-ed38c1d0-30b2-465f-914a-b645c4de8550');\n",
              "        const dataTable =\n",
              "          await google.colab.kernel.invokeFunction('convertToInteractive',\n",
              "                                                    [key], {});\n",
              "        if (!dataTable) return;\n",
              "\n",
              "        const docLinkHtml = 'Like what you see? Visit the ' +\n",
              "          '<a target=\"_blank\" href=https://colab.research.google.com/notebooks/data_table.ipynb>data table notebook</a>'\n",
              "          + ' to learn more about interactive tables.';\n",
              "        element.innerHTML = '';\n",
              "        dataTable['output_type'] = 'display_data';\n",
              "        await google.colab.output.renderOutput(dataTable, element);\n",
              "        const docLink = document.createElement('div');\n",
              "        docLink.innerHTML = docLinkHtml;\n",
              "        element.appendChild(docLink);\n",
              "      }\n",
              "    </script>\n",
              "  </div>\n",
              "\n",
              "\n",
              "<div id=\"df-b769dd71-aa81-4245-b32b-69d7d2933239\">\n",
              "  <button class=\"colab-df-quickchart\" onclick=\"quickchart('df-b769dd71-aa81-4245-b32b-69d7d2933239')\"\n",
              "            title=\"Suggest charts\"\n",
              "            style=\"display:none;\">\n",
              "\n",
              "<svg xmlns=\"http://www.w3.org/2000/svg\" height=\"24px\"viewBox=\"0 0 24 24\"\n",
              "     width=\"24px\">\n",
              "    <g>\n",
              "        <path d=\"M19 3H5c-1.1 0-2 .9-2 2v14c0 1.1.9 2 2 2h14c1.1 0 2-.9 2-2V5c0-1.1-.9-2-2-2zM9 17H7v-7h2v7zm4 0h-2V7h2v10zm4 0h-2v-4h2v4z\"/>\n",
              "    </g>\n",
              "</svg>\n",
              "  </button>\n",
              "\n",
              "<style>\n",
              "  .colab-df-quickchart {\n",
              "      --bg-color: #E8F0FE;\n",
              "      --fill-color: #1967D2;\n",
              "      --hover-bg-color: #E2EBFA;\n",
              "      --hover-fill-color: #174EA6;\n",
              "      --disabled-fill-color: #AAA;\n",
              "      --disabled-bg-color: #DDD;\n",
              "  }\n",
              "\n",
              "  [theme=dark] .colab-df-quickchart {\n",
              "      --bg-color: #3B4455;\n",
              "      --fill-color: #D2E3FC;\n",
              "      --hover-bg-color: #434B5C;\n",
              "      --hover-fill-color: #FFFFFF;\n",
              "      --disabled-bg-color: #3B4455;\n",
              "      --disabled-fill-color: #666;\n",
              "  }\n",
              "\n",
              "  .colab-df-quickchart {\n",
              "    background-color: var(--bg-color);\n",
              "    border: none;\n",
              "    border-radius: 50%;\n",
              "    cursor: pointer;\n",
              "    display: none;\n",
              "    fill: var(--fill-color);\n",
              "    height: 32px;\n",
              "    padding: 0;\n",
              "    width: 32px;\n",
              "  }\n",
              "\n",
              "  .colab-df-quickchart:hover {\n",
              "    background-color: var(--hover-bg-color);\n",
              "    box-shadow: 0 1px 2px rgba(60, 64, 67, 0.3), 0 1px 3px 1px rgba(60, 64, 67, 0.15);\n",
              "    fill: var(--button-hover-fill-color);\n",
              "  }\n",
              "\n",
              "  .colab-df-quickchart-complete:disabled,\n",
              "  .colab-df-quickchart-complete:disabled:hover {\n",
              "    background-color: var(--disabled-bg-color);\n",
              "    fill: var(--disabled-fill-color);\n",
              "    box-shadow: none;\n",
              "  }\n",
              "\n",
              "  .colab-df-spinner {\n",
              "    border: 2px solid var(--fill-color);\n",
              "    border-color: transparent;\n",
              "    border-bottom-color: var(--fill-color);\n",
              "    animation:\n",
              "      spin 1s steps(1) infinite;\n",
              "  }\n",
              "\n",
              "  @keyframes spin {\n",
              "    0% {\n",
              "      border-color: transparent;\n",
              "      border-bottom-color: var(--fill-color);\n",
              "      border-left-color: var(--fill-color);\n",
              "    }\n",
              "    20% {\n",
              "      border-color: transparent;\n",
              "      border-left-color: var(--fill-color);\n",
              "      border-top-color: var(--fill-color);\n",
              "    }\n",
              "    30% {\n",
              "      border-color: transparent;\n",
              "      border-left-color: var(--fill-color);\n",
              "      border-top-color: var(--fill-color);\n",
              "      border-right-color: var(--fill-color);\n",
              "    }\n",
              "    40% {\n",
              "      border-color: transparent;\n",
              "      border-right-color: var(--fill-color);\n",
              "      border-top-color: var(--fill-color);\n",
              "    }\n",
              "    60% {\n",
              "      border-color: transparent;\n",
              "      border-right-color: var(--fill-color);\n",
              "    }\n",
              "    80% {\n",
              "      border-color: transparent;\n",
              "      border-right-color: var(--fill-color);\n",
              "      border-bottom-color: var(--fill-color);\n",
              "    }\n",
              "    90% {\n",
              "      border-color: transparent;\n",
              "      border-bottom-color: var(--fill-color);\n",
              "    }\n",
              "  }\n",
              "</style>\n",
              "\n",
              "  <script>\n",
              "    async function quickchart(key) {\n",
              "      const quickchartButtonEl =\n",
              "        document.querySelector('#' + key + ' button');\n",
              "      quickchartButtonEl.disabled = true;  // To prevent multiple clicks.\n",
              "      quickchartButtonEl.classList.add('colab-df-spinner');\n",
              "      try {\n",
              "        const charts = await google.colab.kernel.invokeFunction(\n",
              "            'suggestCharts', [key], {});\n",
              "      } catch (error) {\n",
              "        console.error('Error during call to suggestCharts:', error);\n",
              "      }\n",
              "      quickchartButtonEl.classList.remove('colab-df-spinner');\n",
              "      quickchartButtonEl.classList.add('colab-df-quickchart-complete');\n",
              "    }\n",
              "    (() => {\n",
              "      let quickchartButtonEl =\n",
              "        document.querySelector('#df-b769dd71-aa81-4245-b32b-69d7d2933239 button');\n",
              "      quickchartButtonEl.style.display =\n",
              "        google.colab.kernel.accessAllowed ? 'block' : 'none';\n",
              "    })();\n",
              "  </script>\n",
              "</div>\n",
              "\n",
              "    </div>\n",
              "  </div>\n"
            ],
            "application/vnd.google.colaboratory.intrinsic+json": {
              "type": "dataframe",
              "variable_name": "qm9"
            }
          },
          "metadata": {},
          "execution_count": 4
        }
      ]
    },
    {
      "cell_type": "code",
      "source": [
        "class GraphGenerator_test(tf.keras.Model):\n",
        "  def __init__(self, num_nodes, node_features, latent_dim, num_bond_types = 5):\n",
        "     super().__init__()\n",
        "\n",
        "     self.num_nodes = num_nodes\n",
        "     self.num_bond_types = num_bond_types\n",
        "     self.node_features = node_features\n",
        "     self.latent_dim = latent_dim\n",
        "\n",
        "     self.base = models.Sequential([\n",
        "        layers.Dense(128, input_shape = (latent_dim,), activation=\"leaky_relu\"),\n",
        "        layers.Dense(256, activation = \"leaky_relu\"),\n",
        "     ])\n",
        "\n",
        "     self.adj_head = layers.Dense(num_nodes * num_nodes * num_bond_types, activation = None)\n",
        "     self.node_head = layers.Dense(num_nodes * node_features, activation = None)\n",
        "\n",
        "     self.optimizer = tf.keras.optimizers.Adam(learning_rate = 0.001)\n",
        "\n",
        "  def call(self, z, t = 1.0):\n",
        "    batch_size = tf.shape(z)[0]\n",
        "\n",
        "    base_output = self.base(z)\n",
        "\n",
        "    adj_logits = self.adj_head(base_output)\n",
        "    adj_logits = tf.reshape(adj_logits, (batch_size, self.num_nodes, self.num_nodes, self.num_bond_types))\n",
        "    adj_logits_sym = (adj_logits + tf.transpose(adj_logits, perm = [0, 2, 1, 3])) / 2\n",
        "    adj_probs = tf.nn.softmax(adj_logits_sym / t, axis = -1)\n",
        "\n",
        "    bond_type_indices = tf.argmax(adj_probs, axis = -1)\n",
        "    adj_one_hot = tf.one_hot(bond_type_indices, depth = self.num_bond_types)\n",
        "\n",
        "    node_feature_flat = self.node_head(base_output)\n",
        "    node_feature_flat = tf.reshape(node_feature_flat, (batch_size, self.num_nodes, self.node_features))\n",
        "    node_probs = tf.nn.softmax(node_feature_flat, axis = -1)\n",
        "    node_indices = tf.argmax(node_probs, axis = -1)\n",
        "    valid_atom_types = tf.constant([1, 6, 7, 8, 9], dtype = tf.int64)\n",
        "    node_types = tf.gather(valid_atom_types, node_indices)\n",
        "    node_types = tf.cast(node_types, tf.float32)\n",
        "\n",
        "    return adj_one_hot, node_types\n",
        "\n",
        "  def loss_function(self, real_output, fake_output):\n",
        "    loss_func = tf.keras.losses.BinaryCrossentropy(from_logits = False)\n",
        "    return loss_func(real_output, fake_output)\n",
        "\n",
        "  def fit(self, data, discriminator, epochs = 10):\n",
        "    for epoch in range(epochs):\n",
        "      total_loss = 0\n",
        "      num_batches = 0\n",
        "      for z in data:\n",
        "        with tf.GradientTape() as tape:\n",
        "          gen_adj, gen_z = self(z)\n",
        "\n",
        "          fake_output = discriminator(gen_adj, gen_z)\n",
        "          loss = self.loss_function(tf.ones_like(fake_output), fake_output)\n",
        "\n",
        "        gradients = tape.gradient(loss, self.trainable_variables)\n",
        "        self.optimizer.apply_gradients(zip(gradients, self.trainable_variables))\n",
        "\n",
        "        total_loss += loss\n",
        "        num_batches += 1\n",
        "      average_loss = total_loss / num_batches\n",
        "      print(f\"Epoch {epoch+1}/{epochs}, Loss: {average_loss.numpy():.4f}\")"
      ],
      "metadata": {
        "id": "F5CJnOFgdos9"
      },
      "execution_count": null,
      "outputs": []
    },
    {
      "cell_type": "code",
      "source": [
        "class GraphDiscriminator_test(tf.keras.Model):\n",
        "    def __init__(self, num_nodes, node_features):\n",
        "        super().__init__()\n",
        "        self.input_dim = num_nodes * num_nodes\n",
        "        self.condition_dim = num_nodes * node_features\n",
        "\n",
        "        self.mlp = models.Sequential([\n",
        "            layers.Dense(256, input_shape = (self.input_dim + self.condition_dim,), activation='leaky_relu'),\n",
        "            layers.Dense(128, activation='leaky_relu'),\n",
        "            layers.BatchNormalization(),\n",
        "            layers.Dense(1, activation='sigmoid')\n",
        "        ])\n",
        "\n",
        "    def call(self, adj, node_features):\n",
        "        batch_size = tf.shape(adj)[0]\n",
        "\n",
        "        adj_flat = tf.reshape(adj, (batch_size, self.input_dim))\n",
        "        node_features_flat = tf.reshape(node_features, (batch_size, self.condition_dim))\n",
        "\n",
        "        combined = tf.concat([adj_flat, node_features_flat], axis = 1)\n",
        "\n",
        "        validity = self.mlp(combined)\n",
        "\n",
        "        return validity"
      ],
      "metadata": {
        "id": "2PrD12CscQoZ"
      },
      "execution_count": null,
      "outputs": []
    },
    {
      "cell_type": "code",
      "source": [
        "def adjacency_matrix_to_mol(inp_matrix):\n",
        "  mol = Chem.RWMol()\n",
        "  atom_types = np.unique(inp_matrix[1])\n",
        "  matrix = inp_matrix[0]\n",
        "  atom_map = {i: mol.AddAtom(Chem.Atom(int(atom_types[i]))) for i in range(len(atom_types))}\n",
        "\n",
        "  if isinstance(matrix, tf.Tensor):\n",
        "        matrix = matrix.numpy()\n",
        "  if isinstance(atom_types, tf.Tensor):\n",
        "      atom_types = atom_types.numpy()\n",
        "\n",
        "  matrix = np.array(matrix)\n",
        "  atom_types = np.array(atom_types)\n",
        "\n",
        "  if len(matrix) != len(atom_types):\n",
        "    raise ValueError(\"NUMBER OF ATOM TYPES DOES NOT MATCH MATRIX DIMENSIONS\")\n",
        "\n",
        "  # Step 1: Add Atoms\n",
        "  for i, atom_num in enumerate(atom_types):\n",
        "    atom = Chem.Atom(int(atom_num))\n",
        "    mol_idx = mol.AddAtom(atom)\n",
        "    atom_map[i] = mol_idx\n",
        "\n",
        "  # Step 2: Add Bonds\n",
        "  for i in range(len(matrix)):\n",
        "    for j in range(i + 1, len(matrix)):\n",
        "        if j not in atom_map:\n",
        "            continue\n",
        "\n",
        "        value = int(np.argmax(matrix[i, j]))\n",
        "        value = min(max(value, 0), 4)\n",
        "\n",
        "        if value != 0:\n",
        "            bond_type = {\n",
        "                1: Chem.BondType.SINGLE,\n",
        "                2: Chem.BondType.DOUBLE,\n",
        "                3: Chem.BondType.TRIPLE,\n",
        "                4: Chem.BondType.AROMATIC\n",
        "            }.get(value, None)\n",
        "\n",
        "            if bond_type is None:\n",
        "                raise ValueError(f\"INVALID BOND TYPE DETECTED: {value}\")\n",
        "\n",
        "            print(f\"Adding bond: {i}-{j} Type: {bond_type}\")\n",
        "            mol.AddBond(atom_map[i], atom_map[j], bond_type)\n",
        "\n",
        "  return mol"
      ],
      "metadata": {
        "id": "CCrtVJMU5S3w"
      },
      "execution_count": null,
      "outputs": []
    },
    {
      "cell_type": "code",
      "source": [
        "\n",
        "condition_features = ['mu', 'homo', 'gap']\n",
        "condition_data = qm9.loc[:4, condition_features].values.astype(np.float32)\n",
        "\n",
        "scaler = StandardScaler()\n",
        "condition_data = scaler.fit_transform(condition_data)\n",
        "\n",
        "print(\"Condition Data Shape:\", condition_data.shape)\n",
        "print(condition_data)"
      ],
      "metadata": {
        "colab": {
          "base_uri": "https://localhost:8080/"
        },
        "id": "UqC7ucVWUBm0",
        "outputId": "e957ae60-4980-4afa-c2a7-3c80a9ffa694"
      },
      "execution_count": null,
      "outputs": [
        {
          "output_type": "stream",
          "name": "stdout",
          "text": [
            "Condition Data Shape: (5, 3)\n",
            "[[-1.1326836  -1.446403    1.9337426 ]\n",
            " [ 0.3125086   1.2079761  -0.70988333]\n",
            " [ 0.5129828   0.48091564 -0.36359873]\n",
            " [-1.1326836   0.64948    -0.7868353 ]\n",
            " [ 1.439876   -0.8919687  -0.07342527]]\n"
          ]
        }
      ]
    },
    {
      "cell_type": "code",
      "source": [
        "gen = GraphGenerator_test(10,5,32)\n",
        "z = tf.random.normal((5, 32))\n",
        "gen_out = gen(z)"
      ],
      "metadata": {
        "id": "JNl4i4ESv9Z8",
        "colab": {
          "base_uri": "https://localhost:8080/"
        },
        "outputId": "2575ac65-d14d-458f-8d09-378724041359"
      },
      "execution_count": null,
      "outputs": [
        {
          "output_type": "stream",
          "name": "stderr",
          "text": [
            "/usr/local/lib/python3.11/dist-packages/keras/src/layers/core/dense.py:87: UserWarning: Do not pass an `input_shape`/`input_dim` argument to a layer. When using Sequential models, prefer using an `Input(shape)` object as the first layer in the model instead.\n",
            "  super().__init__(activity_regularizer=activity_regularizer, **kwargs)\n"
          ]
        },
        {
          "output_type": "stream",
          "name": "stdout",
          "text": [
            "Discrete adjacency matrix (bond types):\n",
            " [[[0.09998479 0.09998094 0.10005055 0.0999805  0.10000604 0.09997454\n",
            "   0.09999108 0.09994368 0.10004399 0.1000095 ]\n",
            "  [0.09998094 0.10001254 0.10001496 0.09999897 0.09994604 0.10005394\n",
            "   0.10009794 0.09999936 0.09997056 0.09997086]\n",
            "  [0.10005055 0.10001496 0.09997237 0.1000327  0.09993888 0.10002509\n",
            "   0.10006432 0.09997334 0.09998472 0.09997551]\n",
            "  [0.0999805  0.09999897 0.1000327  0.09998281 0.09999724 0.0999912\n",
            "   0.10002699 0.09994563 0.09995595 0.10000767]\n",
            "  [0.10000604 0.09994604 0.09993888 0.09999724 0.10007958 0.1000319\n",
            "   0.10000467 0.09997105 0.10003257 0.09995325]\n",
            "  [0.09997454 0.10005394 0.10002509 0.0999912  0.1000319  0.09994145\n",
            "   0.09996527 0.10004282 0.10005735 0.10005151]\n",
            "  [0.09999108 0.10009794 0.10006432 0.10002699 0.10000467 0.09996527\n",
            "   0.10004044 0.100058   0.09990337 0.10002761]\n",
            "  [0.09994368 0.09999936 0.09997334 0.09994563 0.09997105 0.10004282\n",
            "   0.100058   0.09996028 0.09995854 0.09997675]\n",
            "  [0.10004399 0.09997056 0.09998472 0.09995595 0.10003257 0.10005735\n",
            "   0.09990337 0.09995854 0.10002935 0.09998503]\n",
            "  [0.1000095  0.09997086 0.09997551 0.10000767 0.09995325 0.10005151\n",
            "   0.10002761 0.09997675 0.09998503 0.10005149]]\n",
            "\n",
            " [[0.10000946 0.10000384 0.09996685 0.1000046  0.09999895 0.09996267\n",
            "   0.09995477 0.09995522 0.09997556 0.10000309]\n",
            "  [0.10000384 0.10007745 0.10003303 0.09998409 0.09999298 0.09999694\n",
            "   0.10002925 0.10005625 0.1000044  0.10001323]\n",
            "  [0.09996685 0.10003303 0.10004789 0.09999877 0.09996739 0.10004375\n",
            "   0.09998591 0.09993914 0.10004649 0.09993723]\n",
            "  [0.1000046  0.09998409 0.09999877 0.10001239 0.0999877  0.09997277\n",
            "   0.10002704 0.10001308 0.09998692 0.09996444]\n",
            "  [0.09999895 0.09999298 0.09996739 0.0999877  0.09998279 0.10004094\n",
            "   0.10006869 0.09992366 0.10004584 0.0999697 ]\n",
            "  [0.09996267 0.09999694 0.10004375 0.09997277 0.10004094 0.0999592\n",
            "   0.10004802 0.10013355 0.09999764 0.10001339]\n",
            "  [0.09995477 0.10002925 0.09998591 0.10002704 0.10006869 0.10004802\n",
            "   0.1000355  0.10000919 0.09995355 0.0999845 ]\n",
            "  [0.09995522 0.10005625 0.09993914 0.10001308 0.09992366 0.10013355\n",
            "   0.10000919 0.10000756 0.09992637 0.09999166]\n",
            "  [0.09997556 0.1000044  0.10004649 0.09998692 0.10004584 0.09999764\n",
            "   0.09995355 0.09992637 0.10010096 0.09994789]\n",
            "  [0.10000309 0.10001323 0.09993723 0.09996444 0.0999697  0.10001339\n",
            "   0.0999845  0.09999166 0.09994789 0.10004435]]\n",
            "\n",
            " [[0.09998912 0.10000032 0.09999203 0.09999867 0.09999993 0.10001093\n",
            "   0.09995554 0.10003296 0.10001668 0.10001454]\n",
            "  [0.10000032 0.10006659 0.10002691 0.09997734 0.10007606 0.09999306\n",
            "   0.09999142 0.0999859  0.09993133 0.09998598]\n",
            "  [0.09999203 0.10002691 0.10005803 0.10001571 0.0999717  0.099997\n",
            "   0.09997368 0.09997064 0.09997644 0.0999845 ]\n",
            "  [0.09999867 0.09997734 0.10001571 0.10001684 0.10000943 0.09999262\n",
            "   0.09999876 0.09997689 0.09999049 0.10001008]\n",
            "  [0.09999993 0.10007606 0.0999717  0.10000943 0.09998995 0.10005651\n",
            "   0.10001263 0.0999549  0.09999014 0.0999537 ]\n",
            "  [0.10001093 0.09999306 0.099997   0.09999262 0.10005651 0.09997699\n",
            "   0.09999926 0.10009006 0.10001382 0.10002689]\n",
            "  [0.09995554 0.09999142 0.09997368 0.09999876 0.10001263 0.09999926\n",
            "   0.10000609 0.10002261 0.09997042 0.10001995]\n",
            "  [0.10003296 0.0999859  0.09997064 0.09997689 0.0999549  0.10009006\n",
            "   0.10002261 0.09995651 0.09997075 0.10003927]\n",
            "  [0.10001668 0.09993133 0.09997644 0.09999049 0.09999014 0.10001382\n",
            "   0.09997042 0.09997075 0.1000322  0.09997523]\n",
            "  [0.10001454 0.09998598 0.0999845  0.10001008 0.0999537  0.10002689\n",
            "   0.10001995 0.10003927 0.09997523 0.10000014]]\n",
            "\n",
            " [[0.09998478 0.10001418 0.10002705 0.10000677 0.10003166 0.09997438\n",
            "   0.09996036 0.09999708 0.10001658 0.10002248]\n",
            "  [0.10001418 0.10001562 0.099998   0.10001737 0.10002059 0.10004174\n",
            "   0.10001142 0.09997403 0.09998858 0.0999863 ]\n",
            "  [0.10002705 0.099998   0.09998617 0.10000052 0.09997784 0.09998684\n",
            "   0.10003228 0.10000119 0.10002342 0.09997176]\n",
            "  [0.10000677 0.10001737 0.10000052 0.0999465  0.10000679 0.10001653\n",
            "   0.10001227 0.09996281 0.0999725  0.10003988]\n",
            "  [0.10003166 0.10002059 0.09997784 0.10000679 0.10001426 0.10003179\n",
            "   0.10000446 0.09997284 0.10000934 0.09998833]\n",
            "  [0.09997438 0.10004174 0.09998684 0.10001653 0.10003179 0.09996714\n",
            "   0.09997241 0.1000458  0.09999581 0.10000677]\n",
            "  [0.09996036 0.10001142 0.10003228 0.10001227 0.10000446 0.09997241\n",
            "   0.1000072  0.0999883  0.09996726 0.10002158]\n",
            "  [0.09999708 0.09997403 0.10000119 0.09996281 0.09997284 0.1000458\n",
            "   0.0999883  0.09997974 0.09997626 0.09999219]\n",
            "  [0.10001658 0.09998858 0.10002342 0.0999725  0.10000934 0.09999581\n",
            "   0.09996726 0.09997626 0.09999316 0.09997105]\n",
            "  [0.10002248 0.0999863  0.09997176 0.10003988 0.09998833 0.10000677\n",
            "   0.10002158 0.09999219 0.09997105 0.10003044]]\n",
            "\n",
            " [[0.09998439 0.10000908 0.09999897 0.09997061 0.09999023 0.09996732\n",
            "   0.09993148 0.10000523 0.10002555 0.09998408]\n",
            "  [0.10000908 0.10004836 0.10000639 0.09998412 0.10002001 0.10003652\n",
            "   0.1000369  0.0999766  0.09998198 0.1000057 ]\n",
            "  [0.09999897 0.10000639 0.10003436 0.10004322 0.0999677  0.0999905\n",
            "   0.10002665 0.1000014  0.0999542  0.09997085]\n",
            "  [0.09997061 0.09998412 0.10004322 0.10000987 0.09997895 0.09996986\n",
            "   0.10000202 0.10001263 0.09998413 0.10009026]\n",
            "  [0.09999023 0.10002001 0.0999677  0.09997895 0.09999648 0.10006973\n",
            "   0.10002897 0.09997819 0.09998632 0.09996837]\n",
            "  [0.09996732 0.10003652 0.0999905  0.09996986 0.10006973 0.09995566\n",
            "   0.09997169 0.10008425 0.10002703 0.10003111]\n",
            "  [0.09993148 0.1000369  0.10002665 0.10000202 0.10002897 0.09997169\n",
            "   0.10001127 0.10003416 0.09996906 0.10005704]\n",
            "  [0.10000523 0.0999766  0.1000014  0.10001263 0.09997819 0.10008425\n",
            "   0.10003416 0.09994403 0.09998384 0.09994785]\n",
            "  [0.10002555 0.09998198 0.0999542  0.09998413 0.09998632 0.10002703\n",
            "   0.09996906 0.09998384 0.10001655 0.09995914]\n",
            "  [0.09998408 0.1000057  0.09997085 0.10009026 0.09996837 0.10003111\n",
            "   0.10005704 0.09994785 0.09995914 0.09995906]]]\n",
            "Adjacency matrix shape: (5, 10, 10)\n",
            "Node features (atom types):\n",
            " [[9 6 8 7 1 8 6 6 1 1]\n",
            " [9 8 6 6 9 8 8 6 6 1]\n",
            " [6 6 7 6 9 8 8 6 1 1]\n",
            " [9 7 7 6 7 8 6 6 8 1]\n",
            " [9 9 9 1 8 9 7 6 1 9]]\n"
          ]
